%% MATPOWER Case Format : Version 2
function mpc = fault_4032_4044_1_original_10
mpc.version = '2';

%%-----  Power Flow Data  -----%%
%% system MVA base
mpc.baseMVA = 100;
%% bus data
%    bus_i    type    Pd    Qd    Gs    Bs    area    Vm    Va    baseKV    zone    Vmax    Vmin
mpc.bus = [
	1	1	586.773235	141.73811	0.0	0.0	2	0.97678	-153.9453	20.0	1	1.1	0.9				
	2	1	328.104988	70.1864941	0.0	0.0	2	0.99544	-139.4149	20.0	1	1.1	0.9				
	3	1	254.77559900000003	80.4663534	0.0	0.0	2	0.97738	-149.165	20.0	1	1.1	0.9				
	4	1	816.395408	238.036017	0.0	0.0	2	0.97155	-139.7168	20.0	1	1.1	0.9				
	5	1	703.462049	181.753884	0.0	0.0	2	0.9732	-143.4856	20.0	1	1.1	0.9				
	11	1	199.709432	68.6000389	0.0	0.0	1	1.00111	-70.0701	20.0	1	1.1	0.9				
	12	1	299.989103	83.7933909	0.0	0.0	1	0.99747	-66.583	20.0	1	1.1	0.9				
	13	1	100.050383	34.4348853	0.0	0.0	1	0.99623	-62.3071	20.0	1	1.1	0.9				
	22	1	278.377645	78.9764801	0.0	0.0	1	0.98946	-82.2548	20.0	1	1.1	0.9				
	31	1	98.2266795	23.8313272	0.0	0.0	1	0.98638	-99.7871	20.0	1	1.1	0.9				
	32	1	199.352544	39.3440189	0.0	0.0	1	0.99453	-87.0895	20.0	1	1.1	0.9				
	41	1	522.565813	123.052459	0.0	0.0	2	0.96456	-121.5457	20.0	1	1.1	0.9				
	42	1	386.74752	119.098037	0.0	0.0	2	0.96225	-126.3923	20.0	1	1.1	0.9				
	43	1	876.292979	241.36380100000002	0.0	0.0	2	0.97491	-134.22040000000004	20.0	1	1.1	0.9				
	46	1	685.129955	202.89756800000004	0.0	0.0	2	0.97781	-134.8123	20.0	1	1.1	0.9				
	47	1	98.6717655	42.8394881	0.0	0.0	2	0.98175	-130.1331	20.0	1	1.1	0.9				
	51	1	790.966696	252.402351	0.0	0.0	2	0.98649	-142.6916	20.0	1	1.1	0.9				
	61	1	492.32958299999996	118.770784	0.0	0.0	3	0.97962	-126.5844	20.0	1	1.1	0.9				
	62	1	297.909426	82.6363251	0.0	0.0	3	0.99324	-123.48120000000002	20.0	1	1.1	0.9				
	63	1	588.985008	263.689962	0.0	0.0	3	0.99748	-119.79650000000001	20.0	1	1.1	0.9				
	71	1	300.078509	83.8441337	0.0	0.0	4	1.00302	-68.5785	20.0	1	1.1	0.9				
	72	1	2001.75904	396.797487	0.0	0.0	4	0.99828	-67.6927	20.0	1	1.1	0.9				
	1011	1	0.0	0.0	0.0	0.0	1	1.06024	-67.2661	130.0	1	1.1	0.9				
	1012	1	0.0	0.0	0.0	0.0	1	1.06335	-63.746	130.0	1	1.1	0.9				
	1013	1	0.0	0.0	0.0	0.0	1	1.05534	-59.4707	130.0	1	1.1	0.9				
	1014	1	0.0	0.0	0.0	0.0	1	1.06201	-56.4942	130.0	1	1.1	0.9				
	1021	1	0.0	0.0	0.0	0.0	1	1.03218	-58.040699999999994	130.0	1	1.1	0.9				
	1022	1	0.0	0.0	0.0	50.0	1	1.04517	-79.3893	130.0	1	1.1	0.9				
	1041	1	0.0	0.0	0.0	250.0	2	0.99014	-151.0472	130.0	1	1.1	0.9				
	1042	1	0.0	0.0	0.0	0.0	2	1.00869	-136.293	130.0	1	1.1	0.9				
	1043	1	0.0	0.0	0.0	200.0	2	1.00686	-145.9063	130.0	1	1.1	0.9				
	1044	1	0.0	0.0	0.0	200.0	2	0.97838	-136.6705	130.0	1	1.1	0.9				
	1045	1	0.0	0.0	0.0	200.0	2	0.98789	-140.4897	130.0	1	1.1	0.9				
	2031	1	0.0	0.0	0.0	0.0	1	1.0097	-96.9323	220.0	1	1.1	0.9				
	2032	1	0.0	0.0	0.0	0.0	1	1.06601	-84.2332	220.0	1	1.1	0.9				
	4011	1	0.0	0.0	0.0	0.0	1	1.02043	-68.1476	400.0	1	1.1	0.9				
	4012	1	0.0	0.0	0.0	-100.0	1	1.02253	-66.1493	400.0	1	1.1	0.9				
	4021	1	0.0	0.0	0.0	0.0	1	1.02681	-97.0879	400.0	1	1.1	0.9				
	4022	1	0.0	0.0	0.0	0.0	1	0.98654	-81.1914	400.0	1	1.1	0.9				
	4031	1	0.0	0.0	0.0	0.0	1	1.01452	-99.8015	400.0	1	1.1	0.9				
	4032	1	0.0	0.0	0.0	0.0	1	1.02359	-103.2469	400.0	1	1.1	0.9				
	4041	1	0.0	0.0	0.0	200.0	2	1.01677	-118.60459999999999	400.0	1	1.1	0.9				
	4042	1	0.0	0.0	0.0	0.0	2	1.00838	-123.45080000000002	400.0	1	1.1	0.9				
	4043	1	0.0	0.0	0.0	200.0	2	1.00972	-131.3289	400.0	1	1.1	0.9				
	4044	1	0.0	0.0	0.0	0.0	2	1.0087	-133.0995	400.0	1	1.1	0.9				
	4045	1	0.0	0.0	0.0	0.0	2	1.02901	-137.6283	400.0	1	1.1	0.9				
	4046	1	0.0	0.0	0.0	100.0	2	1.01377	-131.9259	400.0	1	1.1	0.9				
	4047	1	0.0	0.0	0.0	0.0	2	1.04502	-127.2664	400.0	1	1.1	0.9				
	4051	1	0.0	0.0	0.0	100.0	2	1.05392	-139.8298	400.0	1	1.1	0.9				
	4061	1	0.0	0.0	0.0	0.0	3	1.02281	-123.6834	400.0	1	1.1	0.9				
	4062	1	0.0	0.0	0.0	0.0	3	1.04869	-120.6396	400.0	1	1.1	0.9				
	4063	1	0.0	0.0	0.0	0.0	3	1.05174	-116.9876	400.0	1	1.1	0.9				
	4071	1	0.0	0.0	0.0	-400.0	4	1.04872	-65.7715	400.0	1	1.1	0.9				
	4072	1	0.0	0.0	0.0	0.0	4	1.05993	-64.8462	400.0	1	1.1	0.9				
	50001	2	0.0	0.0	0.0	0.0	1	1.07002	-58.1266	15.0	1	1.1	0.9				
	50002	2	0.0	0.0	0.0	0.0	1	1.05799	-55.6745	15.0	1	1.1	0.9				
	50003	2	0.0	0.0	0.0	0.0	1	1.06106	-50.5467	15.0	1	1.1	0.9				
	50004	2	0.0	0.0	0.0	0.0	1	1.03618	-52.7701	15.0	1	1.1	0.9				
	50005	2	0.0	0.0	0.0	0.0	1	1.03132	-72.7548	15.0	1	1.1	0.9				
	50006	2	0.0	0.0	0.0	0.0	2	1.01131	-128.2942	15.0	1	1.1	0.9				
	50007	2	0.0	0.0	0.0	0.0	2	1.01643	-137.9745	15.0	1	1.1	0.9				
	50008	2	0.0	0.0	0.0	0.0	1	1.05232	-77.2016	15.0	1	1.1	0.9				
	50009	2	0.0	0.0	0.0	0.0	1	1.00027	-62.29160000000001	15.0	1	1.1	0.9				
	50010	2	0.0	0.0	0.0	0.0	1	1.01725	-59.69180000000001	15.0	1	1.1	0.9				
	50011	2	0.0	0.0	0.0	0.0	1	1.02173	-89.9803	15.0	1	1.1	0.9				
	50012	2	0.0	0.0	0.0	0.0	1	1.02094	-92.1457	15.0	1	1.1	0.9				
	50013	2	0.0	0.0	0.0	0.0	2	1.01186	-118.6061	15.0	1	1.1	0.9				
	50014	2	0.0	0.0	0.0	0.0	2	1.04574	-115.7611	15.0	1	1.1	0.9				
	50015	2	0.0	0.0	0.0	0.0	2	1.04792	-119.8603	15.0	1	1.1	0.9				
	50016	2	0.0	0.0	0.0	0.0	2	1.05563	-132.88220000000004	15.0	1	1.1	0.9				
	50017	2	0.0	0.0	0.0	0.0	3	1.01208	-113.1373	15.0	1	1.1	0.9				
	50018	2	0.0	0.0	0.0	0.0	3	1.03372	-109.6613	15.0	1	1.1	0.9				
	50019	2	0.0	0.0	0.0	0.0	4	1.03117	-60.7879	15.0	1	1.1	0.9				
	50020	3	0.0	0.0	0.0	0.0	4	1.01954	-60.893800000000006	15.0	1	1.1	0.9				
];

%% generator data
%    bus    Pg    Qg    Qmax    Qmin    Vg    mBase    status    Pmax    Pmin    Pc1    Pc2    Qc1min    Qc1max    Qc2min    Qc2max    ramp_agc    ramp_10    ramp_30    ramp_q    apf
